Lambda	Reflectivite
340.93	0
341.29	71.429
341.65	160
342.01	200
342.37	100
342.73	150
343.08	0
343.44	600
343.8	150
344.16	-50
344.52	-300
344.88	12.5
345.25	16.667
345.61	100
345.97	-500
346.33	25
346.69	0
347.05	200
347.41	-300
347.77	120
348.13	-50
348.49	-100
348.85	-60
349.21	180
349.57	25
349.94	0
350.3	-100
350.66	-150
351.02	0
351.38	100
351.74	25
352.1	50
352.47	60
352.83	27.273
353.19	200
353.55	-400
353.91	200
354.27	-100
354.64	0
355	100
355.36	-33.333
355.72	100
356.09	0
356.45	200
356.81	166.667
357.17	400
357.54	0
357.9	71.429
358.26	-166.667
358.62	0
358.99	0
359.35	-700
359.71	0
360.08	0
360.44	-100
360.8	600
361.17	0
361.53	0
361.89	-100
362.26	0
362.62	0
362.98	60
363.35	75
363.71	0
364.07	25
364.44	0
364.8	60
365.16	50
365.53	0
365.89	50
366.26	0
366.62	-100
366.98	66.667
367.35	0
367.71	71.429
368.08	-50
368.44	100
368.81	66.667
369.17	0
369.54	0
369.9	25
370.26	200
370.63	25
370.99	140
371.36	166.667
371.72	80
372.09	-25
372.45	-200
372.82	-125
373.18	0
373.55	0
373.91	100
374.28	33.333
374.64	50
375.01	0
375.37	66.667
375.74	120
376.11	0
376.47	66.667
376.84	60
377.2	100
377.57	-33.333
377.93	0
378.3	150
378.66	500
379.03	-66.667
379.4	100
379.76	166.667
380.13	-25
380.49	0
380.86	0
381.23	25
381.59	-100
381.96	66.667
382.33	66.667
382.69	500
383.06	71.429
383.42	-50
383.79	60
384.16	40
384.52	0
384.89	20
385.26	150
385.62	33.333
385.99	-33.333
386.36	-50
386.72	55.556
387.09	0
387.46	160
387.82	200
388.19	-200
388.56	75
388.92	66.667
389.29	66.667
389.66	-200
390.03	500
390.39	0
390.76	25
391.13	0
391.49	-66.667
391.86	0
392.23	50
392.6	40
392.96	25
393.33	28.571
393.7	133.333
394.07	0
394.43	0
394.8	25
395.17	40
395.54	0
395.9	20
396.27	0
396.64	-20
397.01	85.714
397.37	-50
397.74	22.222
398.11	30
398.48	33.333
398.85	22.222
399.21	57.143
399.58	9.091
399.95	0
400.32	0
400.69	-200
401.05	33.333
401.42	36.364
401.79	57.143
402.16	85.714
402.53	71.429
402.89	55.556
403.26	58.333
403.63	0
404	44.444
404.37	5
404.74	30
405.1	20
405.47	0
405.84	-14.286
406.21	17.647
406.58	63.636
406.95	33.333
407.32	13.333
407.68	43.75
408.05	0
408.42	44.444
408.79	50
409.16	26.316
409.53	54.545
409.9	33.333
410.26	44.444
410.63	62.5
411	38.462
411.37	14.286
411.74	42.857
412.11	42.857
412.48	47.059
412.85	21.429
413.21	44.444
413.58	26.667
413.95	36.364
414.32	64.706
414.69	33.333
415.06	10.526
415.43	23.529
415.8	40
416.17	47.059
416.54	41.176
416.9	47.368
417.27	45
417.64	50
418.01	50
418.38	23.81
418.75	45.833
419.12	30
419.49	39.13
419.86	16.667
420.23	25
420.6	15.789
420.96	26.923
421.33	21.053
421.7	17.857
422.07	41.667
422.44	36.364
422.81	28.571
423.18	25
423.55	30.303
423.92	29.73
424.29	12.5
424.66	45.455
425.03	22.5
425.4	30.303
425.77	29.268
426.13	21.622
426.5	37.5
426.87	37.5
427.24	25.641
427.61	33.333
427.98	40
428.35	27.907
428.72	28.205
429.09	19.565
429.46	37.209
429.83	41.86
430.2	40.476
430.57	39.535
430.94	48.889
431.31	34.783
431.68	28.571
432.04	52.381
432.41	36.735
432.78	41.667
433.15	30
433.52	33.962
433.89	31.111
434.26	45.833
434.63	40
435	27.273
435.37	32.653
435.74	38.462
436.11	30
436.48	29.091
436.85	19.565
437.22	32.075
437.59	35.417
437.96	37.037
438.33	25.455
438.69	25.424
439.06	38.889
439.43	30.303
439.8	36.667
440.17	32.075
440.54	40.678
440.91	42.188
441.28	34.375
441.65	36.508
442.02	39.394
442.39	43.056
442.76	35.484
443.13	34.328
443.5	33.846
443.87	37.5
444.24	35.897
444.61	37.5
444.98	42.466
445.34	30.435
445.71	36.486
446.08	42.105
446.45	29.577
446.82	38.158
447.19	43.662
447.56	41.176
447.93	36.62
448.3	29.487
448.67	34.568
449.04	35.556
449.41	31.325
449.78	28.571
450.15	35.802
450.52	29.412
450.88	35.556
451.25	40.86
451.62	34.066
451.99	38.542
452.36	33.01
452.73	36.17
453.1	25.51
453.47	37.864
453.84	36.842
454.21	35.185
454.58	32.71
454.95	36.458
455.31	29.73
455.68	32.773
456.05	37.5
456.42	35.652
456.79	43.478
457.16	34.211
457.53	34.4
457.9	33.913
458.27	35.088
458.64	34.127
459	36.496
459.37	38.583
459.74	41.463
460.11	39.394
460.48	35.2
460.85	33.077
461.22	44.961
461.59	32.143
461.96	35
462.32	35.507
462.69	39.416
463.06	30.075
463.43	31.655
463.8	38.462
464.17	40.876
464.54	36.296
464.9	38.406
465.27	33.803
465.64	34.694
466.01	41.259
466.38	39.869
466.75	36.552
467.12	33.333
467.48	34.722
467.85	34
468.22	37.671
468.59	39.865
468.96	40.127
469.33	36.943
469.69	34.641
470.06	34.503
470.43	36.81
470.8	40.373
471.17	33.721
471.54	36.686
471.9	38.372
472.27	33.939
472.64	34.94
473.01	38.919
473.38	35.838
473.74	37.5
474.11	36.842
474.48	35.87
474.85	40.426
475.22	35.912
475.58	37.563
475.95	35.754
476.32	43.617
476.69	37.755
477.05	35.238
477.42	39.109
477.79	40.594
478.16	40
478.52	39.706
478.89	37.727
479.26	41.629
479.63	38.462
479.99	42.241
480.36	40.625
480.73	39.462
481.1	41.35
481.46	38.983
481.83	41.322
482.2	36.905
482.57	35.317
482.93	37.743
483.3	41.473
483.67	40
484.03	37.175
484.4	37.358
484.77	41.887
485.14	40.989
485.5	41.135
485.87	42.414
486.24	38.644
486.6	39.333
486.97	40.594
487.34	39.672
487.7	39.088
488.07	38.769
488.44	36.977
488.8	41.975
489.17	40.303
489.54	39.583
489.9	41.867
490.27	40.469
490.63	39.244
491	40.413
491.37	40.988
491.73	40.87
492.1	40.741
492.47	39.106
492.83	41.888
493.2	41.477
493.56	42.382
493.93	39.782
494.3	42.09
494.66	40.055
495.03	39.516
495.39	39.835
495.76	42.175
496.12	42.618
496.49	42.391
496.86	40.992
497.22	41.425
497.59	41.713
497.95	41.081
498.32	41.645
498.68	39.948
499.05	40.209
499.41	41.979
499.78	43.005
500.14	41.969
500.51	41.432
500.87	39.599
501.24	39.599
501.6	43.782
501.97	44.529
502.33	40.722
502.7	41.31
503.06	43.392
503.43	42.025
503.79	43.896
504.16	39.9
504.52	42.647
504.88	39.277
505.25	41.25
505.61	41.429
505.98	43.062
506.34	45.61
506.71	43.204
507.07	42.925
507.43	44.418
507.8	43.269
508.16	42.227
508.53	42.105
508.89	42.453
509.25	42.141
509.62	43.567
509.98	41.136
510.34	42.759
510.71	41.518
511.07	43.409
511.43	41.704
511.8	43.274
512.16	44.743
512.52	42.291
512.89	41.113
513.25	41.015
513.61	42.299
513.98	46.171
514.34	42.644
514.7	42.138
515.07	41.788
515.43	45.032
515.79	42.558
516.15	41.071
516.52	43.711
516.88	40.619
517.24	42.974
517.6	43.287
517.97	43.874
518.33	42.747
518.69	43.738
519.05	41.603
519.41	43.103
519.78	44.078
520.14	42.964
520.5	43.902
520.86	44.424
521.22	45.488
521.58	43.816
521.95	45.065
522.31	43.706
522.67	45.893
523.03	42.808
523.39	44.483
523.75	43.75
524.11	42.105
524.47	42.39
524.84	43.811
525.2	44.013
525.56	44.302
525.92	43.956
526.28	44.688
526.64	41.945
527	42.729
527.36	44.828
527.72	44.624
528.08	44.556
528.44	45.974
528.8	44.978
529.16	43.646
529.52	44.648
529.88	45.228
530.24	45.89
530.6	43.85
530.96	42.952
531.32	44.156
531.68	44.01
532.04	43.726
532.4	43.875
532.76	44.26
533.12	46.296
533.48	45.288
533.84	44.938
534.2	44.076
534.55	43.652
534.91	44.418
535.27	45.109
535.63	45.559
535.99	46.199
536.35	45.8
536.71	45.602
537.07	45.257
537.42	43.833
537.78	45.078
538.14	46.171
538.5	45.662
538.86	45.683
539.21	44.794
539.57	46.868
539.93	45.806
540.29	45
540.64	46.032
541	45.165
541.36	44.071
541.72	45.361
542.07	46.632
542.43	46.949
542.79	46.751
543.15	46.146
543.5	43.063
543.86	45.118
544.22	46.25
544.57	45.37
544.93	46.114
545.29	46.985
545.64	46.968
546	45.566
546.35	47.959
546.71	46.146
547.07	47.189
547.42	46.45
547.78	46.436
548.13	46.045
548.49	46.761
548.85	47.782
549.2	47.059
549.56	46.959
549.91	48.682
550.27	47.189
550.62	49.074
550.98	47.992
551.33	47.666
551.69	48.182
552.04	49.251
552.4	48.313
552.75	49.849
553.11	49.444
553.46	48.534
553.81	52.053
554.17	49.696
554.52	50.961
554.88	48.416
555.23	50.049
555.58	49.803
555.94	50.833
556.29	51.655
556.65	50.247
557	51.748
557.35	51.415
557.71	52.11
558.06	52.148
558.41	52.148
558.76	51.798
559.12	52.663
559.47	53.156
559.82	51.357
560.18	52.376
560.53	52.712
560.88	53.698
561.23	52.807
561.58	55.104
561.94	54.334
562.29	54.64
562.64	55.357
562.99	54.647
563.34	54.977
563.7	55.464
564.05	56.789
564.4	56.033
564.75	57.689
565.1	56.471
565.45	58.183
565.8	56.836
566.15	57.668
566.5	58.481
566.85	58.75
567.2	60.603
567.56	59.091
567.91	59.434
568.26	60.51
568.61	60.204
568.96	60.788
569.31	63.692
569.66	62.057
570	62.005
570.35	63.384
570.7	62.28
571.05	62.747
571.4	64.386
571.75	64.286
572.1	65.171
572.45	62.36
572.8	65.101
573.15	64.878
573.5	64.419
573.84	67.175
574.19	66.12
574.54	67.502
574.89	67.288
575.24	68.253
575.58	69.599
575.93	68.788
576.28	71.495
576.63	70.166
576.97	70.938
577.32	70.082
577.67	71.772
578.02	70.481
578.36	71.641
578.71	71.944
579.06	71.429
579.4	71.968
579.75	73.512
580.1	73.688
580.44	74.676
580.79	73.598
581.13	74.711
581.48	75.343
581.83	75.613
582.17	75.882
582.52	75.368
582.86	75.76
583.21	76.521
583.55	76.89
583.9	76.519
584.24	78.711
584.59	78.188
584.93	77.839
585.28	80.084
585.62	79.215
585.97	81.068
586.31	80.54
586.65	80.191
587	80.46
587.34	81.458
587.69	82.725
588.03	82.386
588.37	84.807
588.72	81.923
589.06	83.345
589.4	83.707
589.75	84.584
590.09	83.924
590.43	83.845
590.77	84.239
591.12	85.379
591.46	85.812
591.8	86.261
592.14	84.254
592.49	85.337
592.83	85.793
593.17	86.228
593.51	86.314
593.85	85.398
594.19	89.615
594.54	86.971
594.88	86.029
595.22	87.854
595.56	87.158
595.9	89.236
596.24	89.271
596.58	88.166
596.92	89.434
597.26	90.296
597.6	89.448
597.94	88.927
598.28	88.372
598.62	92.074
598.96	89.419
599.3	91.029
599.64	90.218
599.98	91.446
600.32	90.667
600.65	91.201
600.99	93.216
601.33	91.313
601.67	92.496
602.01	91.638
602.35	92.574
602.69	92.481
603.02	92.243
603.36	92.129
603.7	92.822
604.04	94.358
604.37	93.948
604.71	93.571
605.05	93.632
605.38	96.121
605.72	92.14
606.06	93.082
606.39	93.232
606.73	96.868
607.07	96.045
607.4	96.71
607.74	96.54
608.08	95.739
608.41	94.53
608.75	96.042
609.08	94.452
609.42	95.579
609.75	94.814
610.09	95.432
610.42	96.431
610.76	95.637
611.09	95.673
611.43	95.896
611.76	95.365
612.09	97.046
612.43	99.295
612.76	97.445
613.1	97.365
613.43	97.388
613.76	99.235
614.1	96.571
614.43	97.297
614.76	97.674
615.09	96.732
615.43	98.42
615.76	99.791
616.09	97.342
616.42	98.078
616.76	98.637
617.09	97.217
617.42	98.163
617.75	100.886
618.08	101.907
618.41	99.394
618.75	101.566
619.08	100.613
619.41	97.812
619.74	98.53
620.07	99.867
620.4	100.805
620.73	100.404
621.06	99.34
621.39	101.04
621.72	101.003
622.05	103.073
622.38	99.802
622.71	100.911
623.04	101.184
623.37	99.542
623.7	102.761
624.02	101.04
624.35	102.098
624.68	103.437
625.01	101.362
625.34	101.877
625.67	103.236
625.99	102.837
626.32	101.832
626.65	100.964
626.98	102.192
627.3	103.595
627.63	103.859
627.96	104.243
628.28	102.503
628.61	104.637
628.94	102.778
629.26	103.228
629.59	102.924
629.91	105.318
630.24	103.469
630.57	104.317
630.89	103.555
631.22	103.307
631.54	104.084
631.87	103.217
632.19	103.215
632.52	103.989
632.84	103.239
633.16	104.876
633.49	104.936
633.81	104.625
634.14	103.408
634.46	105.586
634.78	105.813
635.11	104.571
635.43	106.543
635.75	105.108
636.08	105.692
636.4	105.312
636.72	106.291
637.04	105.83
637.37	106.493
637.69	107.159
638.01	106.991
638.33	107.753
638.65	107.216
638.97	104.485
639.29	108.609
639.62	109.129
639.94	104.628
640.26	107.234
640.58	106.159
640.9	109.723
641.22	107.491
641.54	110.811
641.86	108.271
642.18	107.832
642.5	107.393
642.82	107.415
643.14	106.816
643.45	108.669
643.77	109.335
644.09	110.109
644.41	107.915
644.73	107.946
645.05	107.451
645.36	108.541
645.68	111.139
646	109.975
646.32	106.195
646.63	107.368
646.95	108.892
647.27	107.862
647.58	105.128
647.9	109.037
648.22	106.928
648.53	108.012
648.85	112.583
649.17	110.067
649.48	106.271
649.8	108.142
650.11	110.018
650.43	112.098
650.74	108.523
651.06	107.859
651.37	109.256
651.68	108.008
652	110.191
652.31	107.792
652.63	108.482
652.94	109.456
653.25	108.592
653.57	110.123
653.88	111.587
654.19	113.684
654.51	113.904
654.82	112.045
655.13	108.499
655.44	106.877
655.75	117.957
656.07	111.212
656.38	111.859
656.69	109.524
657	113.115
657.31	109.655
657.62	106.969
657.93	109.609
658.24	107.857
658.55	114.925
658.86	110.266
659.17	107.143
659.48	105.792
659.79	113.866
660.1	111.983
660.41	108.12
660.72	112.5
661.03	106.009
661.34	110.909
661.65	113.084
661.95	110.476
662.26	108.5
662.57	112.44
662.88	112.887
663.19	112.105
663.49	110.553
663.8	109.948
664.11	102.688
664.41	110.286
664.72	111.798
665.03	109.73
665.33	111.976
665.64	110.241
665.94	112.422
666.25	111.111
666.56	110.968
666.86	112.422
667.17	118.75
667.47	114.384
667.77	118.493
668.08	101.987
668.38	107.285
668.69	104.636
668.99	112.057
669.29	109.091
669.6	118.605
669.9	115.267
670.2	109.774
670.51	113.953
670.81	117.213
671.11	118.103
671.41	117.949
671.72	117.5
672.02	110.833
672.32	115.929
672.62	108.547
672.92	109.565
673.22	125
673.52	112.069
673.82	115.315
674.13	111.404
674.43	111.321
674.73	114.545
675.03	124.242
675.32	114.953
675.62	124.176
675.92	108
676.22	112.5
676.52	106.931
676.82	112.632
677.12	115.789
677.42	111.579
677.71	117.391
678.01	117.045
678.31	120
678.61	111.364
678.9	113.483
679.2	113.415
679.5	112.346
679.79	114.634
680.09	122.078
680.39	123.288
680.68	98.78
680.98	107.407
681.27	128.125
681.57	117.143
681.86	114.085
682.16	103.797
682.45	108.333
682.75	120
683.04	113.235
683.34	110.294
683.63	108.451
683.92	131.034
684.22	114.754
684.51	116.667
684.8	104.839
685.1	105.172
685.39	119.231
685.68	116.667
685.97	105
686.26	96.296
686.56	109.091
686.85	133.333
687.14	110.638
687.43	102
687.72	131.111
688.01	110.417
688.3	117.391
688.59	124.444
688.88	130.769
689.17	128.571
689.46	120.93
689.75	119.048
690.04	129.73
690.33	111.905
690.62	117.949
690.91	107.5
691.19	104.444
691.48	117.647
691.77	112.5
692.06	116.667
692.34	145.455
692.63	109.375
692.92	102.778
693.2	96.667
693.49	102.941
693.78	110.811
694.06	111.765
694.35	144.444
694.63	92.857
694.92	142.857
695.21	125.806
695.49	131.818
695.77	126.923
696.06	138.095
696.34	123.333
696.63	115.385
696.91	106.452
697.19	138.095
697.48	113.636
697.76	121.739
698.04	119.231
698.33	107.692
698.61	111.538
698.89	152.632
699.17	111.111
699.45	155.556
699.74	86.667
700.02	113.043
700.3	127.273
700.58	150
700.86	105.882
701.14	116.667
701.42	105
701.7	136.364
701.98	119.048
702.26	140
702.54	93.75
702.82	143.75
703.1	90
703.38	142.857
703.65	93.75
703.93	100
704.21	146.667
704.49	73.684
704.76	150
705.04	90
705.32	65.217
705.6	163.636
705.87	107.143
706.15	138.462
706.42	77.778
706.7	135.714
706.97	100
707.25	85.714
707.53	118.75
707.8	127.273
708.07	108.333
708.35	93.75
708.62	110
708.9	112.5
709.17	114.286
709.44	141.667
709.72	150
709.99	61.538
710.26	125
710.53	200
710.81	82.353
711.08	82.353
711.35	106.25
711.62	113.333
711.89	69.231
712.16	70.588
712.44	100
712.71	61.111
712.98	75
713.25	130
713.52	135.714
713.79	127.273
714.05	118.182
714.32	185.714
714.59	108.333
714.86	161.538
715.13	70
715.4	162.5
715.67	92.308
715.93	118.182
716.2	107.692
716.47	200
716.73	92.308
717	100
717.27	133.333
717.53	78.571
717.8	123.077
718.06	162.5
718.33	280
718.59	141.667
718.86	42.857
719.12	100
719.39	115.385
719.65	100
719.92	91.667
720.18	110
720.44	130
720.71	133.333
720.97	109.091
721.23	100
721.49	100
721.76	157.143
722.02	133.333
722.28	136.364
722.54	87.5
722.8	150
723.06	150
723.32	116.667
723.58	142.857
723.84	100
724.1	127.273
724.36	116.667
724.62	81.25
724.88	109.091
725.14	171.429
725.4	150
725.66	46.154
725.92	100
726.17	214.286
726.43	200
726.69	141.667
726.95	127.273
727.2	144.444
727.46	87.5
727.72	142.857
727.97	136.364
728.23	90
728.48	171.429
728.74	142.857
728.99	133.333
729.25	111.111
729.5	100
729.76	166.667
730.01	133.333
730.26	111.111
730.52	133.333
730.77	0
731.02	175
731.28	128.571
731.53	33.333
731.78	100
732.03	140
732.28	150
732.53	100
732.79	63.636
733.04	125
733.29	14.286
733.54	166.667
733.79	75
734.04	46.154
734.29	112.5
734.54	157.143
734.78	127.273
735.03	76.923
735.28	100
735.53	100
735.78	42.857
736.03	233.333
736.27	200
736.52	112.5
736.77	100
737.01	50
737.26	66.667
737.5	0
737.75	100
738	200
738.24	150
738.49	-100
738.73	166.667
738.97	-400
739.22	0
739.46	100
739.71	125
739.95	350
740.19	150
740.44	142.857
740.68	111.111
740.92	200
741.16	-400
741.4	50
741.64	200
741.89	116.667
742.13	157.143
742.37	-200
742.61	50
742.85	0
743.09	100
743.33	600
743.57	175
743.8	142.857
744.04	0
744.28	0
744.52	-400
744.76	140
744.99	85.714
745.23	88.889
745.47	166.667
745.71	0
745.94	150
746.18	150
746.41	300
746.65	200
746.88	-83.333
747.12	100
747.35	0
747.59	66.667
747.82	83.333
748.06	500
748.29	116.667
748.52	0
748.76	-33.333
748.99	50
749.22	-100
749.45	120
749.68	33.333
749.92	0
750.15	50
750.38	200
750.61	100
750.84	133.333
751.07	50
751.3	14.286
751.53	0
751.76	500
751.99	300
752.22	300
752.44	-33.333
752.67	100
752.9	0
753.13	16.667
753.35	0
753.58	400
753.81	0
754.03	-100
754.26	125
754.49	0
754.71	0
754.94	-500
755.16	300
755.39	-500
755.61	100
755.84	400
756.06	75
756.28	-100
756.51	25
756.73	-14.286
756.95	-50
757.17	200
757.4	80
757.62	50
757.84	-200
758.06	-66.667
758.28	80
758.5	-133.333
758.72	0
758.94	-20
759.16	-400
759.38	200
759.6	33.333
759.82	42.857
760.04	-200
760.25	200
760.47	0
760.69	40
760.91	200
761.12	-200
761.34	100
761.56	50
761.77	60
761.99	42.857
762.2	33.333
762.42	350
762.63	0
762.85	120
763.06	-50
763.28	37.5
763.49	69.231
763.7	85.714
763.92	0
764.13	33.333
764.34	300
764.55	140
764.77	33.333
764.98	200
765.19	200
765.4	66.667
765.61	25
765.82	150
766.03	0
766.24	75
766.45	100
766.66	100
766.87	200
767.07	0
767.28	-200
767.49	100
767.7	100
767.91	120
768.11	50
768.32	600
768.53	-133.333
768.73	0
768.94	75
769.14	60
769.35	133.333
769.55	75
769.76	180
769.96	-133.333
770.16	220
770.37	0
770.57	100
770.77	166.667
770.98	85.714
771.18	0
771.38	62.5
771.58	400
771.78	25
771.98	250
772.18	300
772.38	87.5
772.58	200
772.78	50
772.98	54.545
773.18	180
773.38	75
773.58	83.333
773.78	0
773.98	200
774.17	300
774.37	69.231
774.57	266.667
774.76	85.714
774.96	133.333
775.16	100
775.35	100
775.55	0
775.74	300
775.94	66.667
776.13	75
776.32	20
776.52	100
776.71	-100
776.9	81.818
777.1	114.286
777.29	600
777.48	225
777.67	66.667
777.86	300
778.06	450
778.25	50
778.44	0
778.63	75
778.82	-300
779.01	140
779.19	166.667
779.38	100
779.57	-100
779.76	100
779.95	500
780.14	200
780.32	66.667
780.51	133.333
780.7	111.111
780.88	100
781.07	128.571
781.25	75
781.44	600
781.62	250
781.81	180
781.99	12.5
782.18	0
782.36	0
782.54	0
782.72	-100
782.91	200
783.09	125
783.27	50
783.45	-66.667
783.63	60
783.81	50
784	0
784.18	300
784.36	100
784.54	600
784.71	50
784.89	200
785.07	0
785.25	0
785.43	50
785.61	87.5
785.78	125
785.96	33.333
786.14	0
786.31	100
786.49	50
786.66	166.667
786.84	25
787.01	-100
787.19	22.222
787.36	100
787.54	400
787.71	300
787.88	100
788.05	0
788.23	-100
788.4	100
788.57	133.333
788.74	40
788.91	100
789.08	0
789.25	175
789.42	80
789.59	0
789.76	-300
789.93	0
790.1	-100
790.27	0
790.44	100
790.61	100
790.77	75
790.94	166.667
791.11	-33.333
791.27	0
791.44	400
791.6	0
791.77	100
791.93	0
792.1	125
792.26	100
792.43	-100
792.59	0
792.75	0
792.92	200
793.08	-800
793.24	-133.333
793.4	0
793.56	0
793.72	-100
793.88	-150
794.05	0
794.21	150
794.36	0
794.52	133.333
794.68	-20
794.84	-50
795	200
795.16	60
795.32	0
795.47	66.667
795.63	250
795.79	100
795.94	-33.333
796.1	600
796.25	150
796.41	-50
796.56	350
796.72	100
796.87	0
797.02	0
797.18	75
797.33	33.333
797.48	0
797.64	100
797.79	100
797.94	125
798.09	0
798.24	400
798.39	0
798.54	50
798.69	50
798.84	-66.667
798.99	66.667
799.14	100
799.29	133.333
799.43	200
799.58	22.222
799.73	-20
799.87	-200
800.02	33.333
800.17	33.333
800.31	0
800.46	-50
800.6	200
800.75	-400
800.89	250
801.04	0
801.18	100
801.32	-66.667
801.47	100
801.61	14.286
801.75	400
801.89	0
802.03	0
802.17	0
802.31	133.333
802.45	120
802.59	300
802.73	100
802.87	0
803.01	-175
803.15	200
803.29	20
803.43	0
803.56	0
803.7	400
803.84	233.333
803.97	0
804.11	100
804.24	-50
804.38	75
804.51	50
804.65	66.667
804.78	0
804.91	-100
805.05	350
805.18	400
805.31	66.667
805.45	125
805.58	300
805.71	-50
805.84	-25
805.97	-100
806.1	0
806.23	-400
806.36	100
806.49	28.571
806.62	50
806.75	0
806.87	37.5
807	0
807.13	200
807.25	133.333
807.38	100
807.51	140
807.63	50
807.76	300
807.88	50
808.01	0
808.13	133.333
808.26	25
808.38	0
808.5	-200
808.62	25
808.75	-100
808.87	-100
808.99	-66.667
809.11	0
809.23	75
809.35	-100
809.47	-250
809.59	33.333
809.71	50
809.83	400
809.95	33.333
810.07	0
810.18	0
810.3	0
810.42	700
810.53	0
810.65	100
810.77	71.429
810.88	133.333
811	250
811.11	100
811.23	50
811.34	-133.333
811.45	66.667
811.57	250
811.68	0
811.79	200
811.9	-200
812.01	500
812.12	0
812.23	0
812.35	0
812.46	0
812.56	0
812.67	-133.333
812.78	75
812.89	100
813	33.333
813.11	0
813.21	100
813.32	0
813.43	37.5
813.53	33.333
813.64	75
813.74	0
813.85	300
813.95	-50
814.06	100
814.16	50
814.26	266.667
814.37	166.667
814.47	-100
814.57	20
814.67	300
814.77	50
814.87	-66.667
814.97	0
815.07	166.667
815.17	0
815.27	-200
815.37	120
815.47	66.667
815.57	100
815.67	0
815.76	25
815.86	33.333
815.96	50
816.05	0
816.15	0
816.24	0
816.34	0
816.43	60
816.53	100
816.62	100
816.71	0
816.81	0
816.9	100
816.99	0
817.08	0
817.17	150
817.26	100
817.35	-100
817.44	0
817.53	200
817.62	0
817.71	50
817.8	0
817.89	33.333
817.98	0
818.06	0
818.15	0
818.24	-80
818.32	300
818.41	60
818.49	200
818.58	0
818.66	83.333
818.74	0
818.83	-100
818.91	200
818.99	0
819.08	200
819.16	-300
819.24	40
819.32	0
819.4	300
819.48	100
819.56	100
819.64	-100
819.72	60
819.8	180
819.88	0
819.95	40
820.03	900
820.11	0
820.18	0
820.26	100
820.33	0
820.41	-50
820.48	50
820.56	83.333
820.63	133.333
820.71	66.667
820.78	0
820.85	100
820.92	-50
821	0
821.07	0
821.14	125
821.21	-50
821.28	-200
821.35	33.333
821.42	0
821.49	133.333
821.56	112.5
821.62	114.286
821.69	25
821.76	800
821.83	600
821.89	-50
821.96	133.333
822.02	-400
822.09	80
822.15	-150
822.22	-300
822.28	0
822.34	400
822.41	60
822.47	-100
822.53	-100
822.59	28.571
822.66	400
822.72	175
822.78	33.333
822.84	0
822.9	-200
822.96	-100
823.01	33.333
823.07	100
823.13	100
823.19	100
823.24	100
823.3	0
823.36	0
823.41	-50
823.47	20
823.52	50
823.58	-100
823.63	128.571
823.68	0
823.74	0
823.79	300
823.84	300
823.89	200
823.95	-100
824	200
824.05	100
824.1	0
824.15	150
824.2	50
824.25	11.111
824.29	50
824.34	200
824.39	500
824.44	100
824.48	150
824.53	150
824.57	-150
824.62	0
824.66	-33.333
824.71	200
824.75	40
824.8	-400
824.84	400
824.88	-33.333
824.92	233.333
824.97	-100
825.01	-75
825.05	50
825.09	50
825.13	150
825.17	-75
825.21	-50
825.25	200
825.29	0
825.32	16.667
825.36	0
825.4	600
825.43	-133.333
825.47	-150
825.51	0
825.54	100
825.58	-200
825.61	16.667
825.64	-50
825.68	0
825.71	125
825.74	300
825.77	-50
825.81	-50
825.84	50
825.87	100
825.9	125
825.93	-50
825.96	0
825.99	-66.667
826.02	0
826.04	25
826.07	400
826.1	400
826.12	300
826.15	-133.333
826.18	0
826.2	0
826.23	100
826.25	100
826.28	0
826.3	0
826.32	-100
826.34	-166.667
826.37	75
826.39	133.333
826.41	175
826.43	700
826.45	-100
826.47	0
826.49	0
826.51	50
826.53	0
826.55	400
826.56	0
826.58	-50
826.6	66.667
826.61	200
826.63	100
826.65	0
826.66	-100
826.67	0
826.69	75
826.7	400
826.72	50
826.73	200
826.74	233.333
826.75	80
826.76	0
826.77	66.667
826.78	300
826.79	0
826.8	-300
826.81	300
826.82	75
826.83	-300
826.84	-100
826.84	50
826.85	0
826.86	0
826.86	300
826.87	83.333
826.87	0
826.88	0
826.88	225
826.88	166.667
826.89	150
826.89	-33.333
826.89	175
826.89	500
826.89	0
826.89	200
826.89	133.333
826.89	100
826.89	400
826.89	100
826.89	0
826.89	33.333
826.89	500
826.88	300
826.88	200
826.87	40
826.87	-50
826.87	0
826.86	0
826.85	400
826.85	150
826.84	60
826.83	100
826.83	50
826.82	50
826.81	-100
826.8	200
826.79	0
826.78	100
826.77	100
826.76	-200
826.75	166.667
826.73	60
826.72	50
826.71	25
826.69	100
826.68	133.333
826.67	0
826.65	50
826.64	-500
826.62	-100
826.6	-16.667
826.59	100
826.57	200
826.55	-20
826.53	50
826.51	-60
826.5	80
826.48	-50
826.46	0
826.43	66.667
826.41	66.667
826.39	200
826.37	166.667
826.35	0
826.32	40
826.3	20
826.28	66.667
826.25	0
826.23	0
826.2	150
826.18	0
826.15	75
826.12	-100
826.1	100
826.07	0
826.04	-50
826.01	200
825.98	233.333
825.95	-100
825.92	25
825.89	160
825.86	33.333
825.83	-300
825.79	71.429
825.76	0
825.73	80
825.69	0
825.66	-600
825.63	-25
825.59	0
825.56	-66.667
825.52	166.667
825.48	0
825.45	77.778
825.41	50
825.37	150
825.33	400
825.29	0
825.25	100
825.21	42.857
825.17	233.333
825.13	150
825.09	150
825.05	150
825	266.667
824.96	133.333
824.92	0
824.87	75
824.83	33.333
824.78	166.667
824.74	40
824.69	-50
824.65	-150
824.6	0
824.55	0
824.5	-25
824.46	-300
824.41	-28.571
824.36	166.667
824.31	33.333
824.26	-33.333
824.21	300
824.15	100
824.1	500
824.05	300
824	-300
823.94	-500
823.89	175
823.84	-25
823.78	-200
823.73	175
823.67	20
823.61	-100
823.56	100
823.5	0
823.44	0
823.38	100
823.32	-100
823.26	20
823.2	100
823.14	0
823.08	0
823.02	0
822.96	-100
822.9	0
822.83	80
822.77	66.667
822.71	-100
822.64	200
822.58	0
822.51	100
822.45	0
822.38	600
822.31	33.333
822.24	133.333
822.18	0
822.11	25
822.04	0
821.97	-50
821.9	300
821.83	200
821.76	0
821.69	800
821.61	100
821.54	57.143
821.47	350
821.39	100
821.32	-50
821.25	200
821.17	150
821.09	-200
821.02	-150
820.94	-600
820.86	160
820.79	0
820.71	0
820.63	0
820.55	71.429
820.47	-50
820.39	0
820.31	0
820.23	0
820.15	28.571
820.06	80
819.98	400
819.9	80
819.81	100
819.73	33.333
819.64	0
819.56	87.5
819.47	200
819.39	-600
819.3	133.333
819.21	125
819.12	0
819.04	-20
818.95	-66.667
818.86	50
818.77	0
818.68	150
818.59	0
818.49	166.667
818.4	-200
818.31	100
818.22	33.333
818.12	160
818.03	0
817.93	77.778
817.84	50
817.74	0
817.64	150
817.55	22.222
817.45	-150
817.35	16.667
817.25	0
817.15	75
817.06	0
