Wavelength (nm) - Measure	Measured Reflectance (%)  - Measure	Wavelength (nm) - Fit	Theorical Reflectance (0..1) - Fit	Wavelength (nm) - Tracé 2	Theorical Reflectance (0..1) - Tracé 2
432.04	138	399.75	0.926069	1.38	
432.41	133.962	400.75	0.935643	1.33962	
432.78	127.778	401.75	0.944866	1.27778	
433.15	111.475	402.75	0.953722	1.11475	
433.52	126.316	403.75	0.962109	1.26316	
433.89	122.414	404.75	0.969853	1.22414	
434.26	115.517	405.75	0.976451	1.15517	
434.63	117.857	406.75	0.985572	1.17857	
435	118.182	407.75	0.99053	1.18182	
435.37	108.772	408.75	0.994506	1.08772	
435.74	96.875	409.75	0.997336	0.96875	
436.11	108.065	410.75	0.999194	1.08065	
436.48	113.793	411.75	1	1.13793	
436.85	92.424	412.75	0.999759	0.92424	
437.22	90.625	413.75	0.998347	0.90625	
437.59	98.276	414.75	0.995898	0.98276	
437.96	101.562	415.75	0.992289	1.01562	
438.33	82.609	416.75	0.98732	0.82609	
438.69	80.263	417.75	0.981065	0.80263	
439.06	92.063	418.75	0.974045	0.92063	
439.43	92.063	419.75	0.966108	0.92063	
439.8	79.104	420.75	0.957155	0.79104	
440.17	85.938	421.75	0.947221	0.85938	
440.54	78.947	422.75	0.936552	0.78947	
440.91	79.452	423.75	0.925026	0.79452	
441.28	72.857	424.75	0.912875	0.72857	
441.65	72.368	425.75	0.900075	0.72368	
442.02	75.641	426.75	0.886792	0.75641	
442.39	77.333	427.75	0.869509	0.77333	
442.76	75.641	428.75	0.855163	0.75641	
443.13	77.465	429.75	0.840607	0.77465	
443.5	71.084	430.75	0.825906	0.71084	
443.87	64.865	431.75	0.811232	0.64865	
444.24	62.821	432.75	0.79661	0.62821	
444.61	62.353	433.75	0.78229	0.62353	
444.98	63.333	434.75	0.768229	0.63333	
445.34	69.231	435.75	0.754705	0.69231	
445.71	67.045	436.75	0.741864	0.67045	
446.08	63.529	437.75	0.729567	0.63529	
446.45	70	438.75	0.715807	0.7	
446.82	59.302	439.75	0.705859	0.59302	
447.19	64.706	440.75	0.696726	0.64706	
447.56	67.045	441.75	0.688759	0.67045	
447.93	60.87	442.75	0.682016	0.6087	
448.3	64.773	443.75	0.676649	0.64773	
448.67	74.725	444.75	0.672325	0.74725	
449.04	61.111	445.75	0.669411	0.61111	
449.41	65.263	446.75	0.667736	0.65263	
449.78	61.702	447.75	0.667275	0.61702	
450.15	67.708	448.75	0.667996	0.67708	
450.52	64	449.75	0.669825	0.64	
450.88	60.396	450.75	0.672969	0.60396	
451.25	75.962	451.75	0.679399	0.75962	
451.62	63.107	452.75	0.684515	0.63107	
451.99	77.358	453.75	0.690585	0.77358	
452.36	72.222	454.75	0.697294	0.72222	
452.73	71.963	455.75	0.704616	0.71963	
453.1	73.786	456.75	0.712582	0.73786	
453.47	77.358	457.75	0.720883	0.77358	
453.84	67.273	458.75	0.729504	0.67273	
454.21	77.869	459.75	0.738488	0.77869	
454.58	73.333	460.75	0.74743	0.73333	
454.95	78.049	461.75	0.756406	0.78049	
455.31	76.744	462.75	0.7654	0.76744	
455.68	72.868	463.75	0.774348	0.72868	
456.05	75.591	464.75	0.786264	0.75591	
456.42	83.969	465.75	0.794601	0.83969	
456.79	90.476	466.75	0.802544	0.90476	
457.16	89.209	467.75	0.810097	0.89209	
457.53	93.846	468.75	0.817202	0.93846	
457.9	88.889	469.75	0.824015	0.88889	
458.27	92.481	470.75	0.830088	0.92481	
458.64	97.015	471.75	0.835842	0.97015	
459	95.588	472.75	0.841014	0.95588	
459.37	92.143	473.75	0.845375	0.92143	
459.74	102.128	474.75	0.849319	1.02128	
460.11	96.689	475.75	0.852653	0.96689	
460.48	102.899	476.75	0.85539	1.02899	
460.85	108.333	477.75	0.857598	1.08333	
461.22	111.034	478.75	0.858995	1.11034	
461.59	105.921	479.75	0.860403	1.05921	
461.96	107.19	480.75	0.860275	1.0719	
462.32	109.655	481.75	0.859687	1.09655	
462.69	112.5	482.75	0.858469	1.125	
463.06	119.463	483.75	0.856516	1.19463	
463.43	114.935	484.75	0.854082	1.14935	
463.8	111.039	485.75	0.851036	1.11039	
464.17	117.532	486.75	0.847381	1.17532	
464.54	110.526	487.75	0.843103	1.10526	
464.9	110.976	488.75	0.838262	1.10976	
465.27	122.152	489.75	0.832918	1.22152	
465.64	123.529	490.75	0.82723	1.23529	
466.01	129.677	491.75	0.820836	1.29677	
466.38	122.152	492.75	0.814184	1.22152	
466.75	116.571	493.75	0.806871	1.16571	
467.12	127.879	494.75	0.799349	1.27879	
467.48	129.114	495.75	0.791352	1.29114	
467.85	126.347	496.75	0.780202	1.26347	
468.22	133.742	497.75	0.771781	1.33742	
468.59	129.944	498.75	0.762791	1.29944	
468.96	125.568	499.75	0.753566	1.25568	
469.33	133.333	500.75	0.74414	1.33333	
469.69	125.556	501.75	0.734554	1.25556	
470.06	143.275	502.75	0.724852	1.43275	
470.43	129.189	503.75	0.715075	1.29189	
470.8	142.697	504.75	0.705387	1.42697	
471.17	148.571	505.75	0.695679	1.48571	
471.54	124.39	506.75	0.685955	1.2439	
471.9	132.292	507.75	0.676516	1.32292	
472.27	143.75	508.75	0.667074	1.4375	
472.64	132.143	509.75	0.657899	1.32143	
473.01	149.721	510.75	0.649006	1.49721	
473.38	140.909	511.75	0.640475	1.40909	
473.74	145.96	512.75	0.632103	1.4596	
474.11	136.842	513.75	0.624304	1.36842	
474.48	144.776	514.75	0.617035	1.44776	
474.85	138.942	515.75	0.608003	1.38942	
475.22	149.524	516.75	0.601682	1.49524	
475.58	140.094	517.75	0.595923	1.40094	
475.95	147.17	518.75	0.590728	1.4717	
476.32	153.241	519.75	0.586115	1.53241	
476.69	150.679	520.75	0.582094	1.50679	
477.05	154.419	521.75	0.57865	1.54419	
477.42	148.23	522.75	0.57596	1.4823	
477.79	143.86	523.75	0.573739	1.4386	
478.16	144.681	524.75	0.572317	1.44681	
478.52	150.847	525.75	0.571363	1.50847	
478.89	155.895	526.75	0.571015	1.55895	
479.26	149.367	527.75	0.571395	1.49367	
479.63	152.814	528.75	0.572378	1.52814	
479.99	151.681	529.75	0.573987	1.51681	
480.36	152.209	530.75	0.575954	1.52209	
480.73	151.172	531.75	0.578575	1.51172	
481.1	149.035	532.75	0.581743	1.49035	
481.46	153.755	533.75	0.585316	1.53755	
481.83	147.97	534.75	0.589394	1.4797	
482.2	150.187	535.75	0.593474	1.50187	
482.57	152.222	536.75	0.600864	1.52222	
482.93	150.542	537.75	0.606244	1.50542	
483.3	146.786	538.75	0.611837	1.46786	
483.67	149.823	539.75	0.617671	1.49823	
484.03	148.649	540.75	0.623706	1.48649	
484.4	148.475	541.75	0.629908	1.48475	
484.77	154.333	542.75	0.636231	1.54333	
485.14	147.176	543.75	0.642677	1.47176	
485.5	148.693	544.75	0.649432	1.48693	
485.87	155.405	545.75	0.656002	1.55405	
486.24	146.933	546.75	0.662583	1.46933	
486.6	156.013	547.75	0.669403	1.56013	
486.97	147.432	548.75	0.675938	1.47432	
487.34	148.503	549.75	0.682622	1.48503	
487.7	149.552	550.75	0.689002	1.49552	
488.07	143.553	551.75	0.695492	1.43553	
488.44	149.856	552.75	0.701609	1.49856	
488.8	143.768	553.75	0.707779	1.43768	
489.17	147.863	554.75	0.713583	1.47863	
489.54	141.828	555.75	0.719385	1.41828	
489.9	143.989	556.75	0.724985	1.43989	
490.27	140.217	557.75	0.730352	1.40217	
490.63	142.935	558.75	0.735299	1.42935	
491	139.189	559.75	0.742313	1.39189	
491.37	142.895	560.75	0.746778	1.42895	
491.73	140.415	561.75	0.751023	1.40415	
492.1	140.519	562.75	0.75499	1.40519	
492.47	139.323	563.75	0.758668	1.39323	
492.83	142.216	564.75	0.762052	1.42216	
493.2	137.984	565.75	0.765136	1.37984	
493.56	135.661	566.75	0.767916	1.35661	
493.93	137.755	567.75	0.770389	1.37755	
494.3	136.132	568.75	0.772551	1.36132	
494.66	133.756	569.75	0.774401	1.33756	
495.03	140	570.75	0.775938	1.4	
495.39	138.107	571.75	0.77716	1.38107	
495.76	130.025	572.75	0.778278	1.30025	
496.12	131.343	573.75	0.778877	1.31343	
496.49	129.268	574.75	0.779162	1.29268	
496.86	129.95	575.75	0.779121	1.2995	
497.22	126.442	576.75	0.779009	1.26442	
497.59	126.812	577.75	0.778377	1.26812	
497.95	121.327	578.75	0.777425	1.21327	
498.32	123.684	579.75	0.776408	1.23684	
498.68	119.672	580.75	0.774887	1.19672	
499.05	121.065	581.75	0.773294	1.21065	
499.41	122.167	582.75	0.771167	1.22167	
499.78	122.464	583.75	0.768811	1.22464	
500.14	113.302	584.75	0.766343	1.13302	
500.51	115.566	585.75	0.763677	1.15566	
500.87	111.494	586.75	0.759383	1.11494	
501.24	107.816	587.75	0.756057	1.07816	
501.6	106.834	588.75	0.752245	1.06834	
501.97	111.163	589.75	0.748461	1.11163	
502.33	107.243	590.75	0.744266	1.07243	
502.7	107.042	591.75	0.739994	1.07042	
503.06	110.599	592.75	0.735552	1.10599	
503.43	104.784	593.75	0.730674	1.04784	
503.79	102.968	594.75	0.725862	1.02968	
504.16	107.009	595.75	0.720867	1.07009	
504.52	100.909	596.75	0.715543	1.00909	
504.88	94.967	597.75	0.710183	0.94967	
505.25	99.317	598.75	0.704639	0.99317	
505.61	95.833	599.75	0.699031	0.95833	
505.98	91.461	600.75	0.69329	0.91461	
506.34	94.934	601.75	0.687428	0.94934	
506.71	96.875	602.75	0.681288	0.96875	
507.07	88.21	603.75	0.675259	0.8821	
507.43	89.183	604.75	0.669167	0.89183	
507.8	87.778	605.75	0.663044	0.87778	
508.16	91.228	606.75	0.656879	0.91228	
508.53	87.662	607.75	0.650652	0.87662	
508.89	82.729	608.75	0.644407	0.82729	
509.25	82.143	609.75	0.638158	0.82143	
509.62	79.583	610.75	0.631918	0.79583	
509.98	81.857	611.75	0.625704	0.81857	
510.34	78.288	612.75	0.619529	0.78288	
510.71	74.486	613.75	0.613409	0.74486	
511.07	77.167	614.75	0.60736	0.77167	
511.43	78.692	615.75	0.601394	0.78692	
511.8	72.819	616.75	0.595534	0.72819	
512.16	72.784	617.75	0.589937	0.72784	
512.52	70.04	618.75	0.582238	0.7004	
512.89	73.069	619.75	0.576962	0.73069	
513.25	67.755	620.75	0.571703	0.67755	
513.61	66.068	621.75	0.566632	0.66068	
513.98	64.729	622.75	0.561738	0.64729	
514.34	65.538	623.75	0.557009	0.65538	
514.7	63.23	624.75	0.552484	0.6323	
515.07	61.524	625.75	0.548334	0.61524	
515.43	61.988	626.75	0.544257	0.61988	
515.79	60.694	627.75	0.540532	0.60694	
516.15	61.598	628.75	0.536905	0.61598	
516.52	56.797	629.75	0.533519	0.56797	
516.88	55.204	630.75	0.530467	0.55204	
517.24	57.116	631.75	0.527613	0.57116	
517.6	55.249	632.75	0.525206	0.55249	
517.97	54.36	633.75	0.522874	0.5436	
518.33	52.072	634.75	0.520816	0.52072	
518.69	51.872	635.75	0.519026	0.51872	
519.05	49.734	636.75	0.517708	0.49734	
519.41	49.033	637.75	0.516504	0.49033	
519.78	51.434	638.75	0.515518	0.51434	
520.14	50.262	639.75	0.514988	0.50262	
520.5	49.4	640.75	0.514642	0.494	
520.86	47.432	641.75	0.514463	0.47432	
521.22	49.144	642.75	0.514696	0.49144	
521.58	45.973	643.75	0.515185	0.45973	
521.95	46.423	644.75	0.515788	0.46423	
522.31	45.514	645.75	0.516748	0.45514	
522.67	43.86	646.75	0.518003	0.4386	
523.03	45.104	647.75	0.519337	0.45104	
523.39	45.425	648.75	0.521002	0.45425	
523.75	43.574	649.75	0.52298	0.43574	
524.11	41.9	650.75	0.525035	0.419	
524.47	42.308	651.75	0.527454	0.42308	
524.84	41.667	652.75	0.529857	0.41667	
525.2	43.759	653.75	0.534356	0.43759	
525.56	40.843	654.75	0.537251	0.40843	
525.92	41.441	655.75	0.540293	0.41441	
526.28	40.778	656.75	0.543692	0.40778	
526.64	41.202	657.75	0.547033	0.41202	
527	40.871	658.75	0.55071	0.40871	
527.36	41.259	659.75	0.554314	0.41259	
527.72	41.909	660.75	0.558226	0.41909	
528.08	41.517	661.75	0.562055	0.41517	
528.44	41.129	662.75	0.566158	0.41129	
528.8	40.86	663.75	0.57018	0.4086	
529.16	40.312	664.75	0.574449	0.40312	
529.52	40.944	665.75	0.578763	0.40944	
529.88	40.18	666.75	0.582986	0.4018	
530.24	41.992	667.75	0.587385	0.41992	
530.6	41.476	668.75	0.591701	0.41476	
530.96	40.171	669.75	0.596148	0.40171	
531.32	43.157	670.75	0.600691	0.43157	
531.68	41.787	671.75	0.605054	0.41787	
532.04	42.754	672.75	0.609514	0.42754	
532.4	44.759	673.75	0.613912	0.44759	
532.76	43.72	674.75	0.618408	0.4372	
533.12	42.263	675.75	0.622815	0.42263	
533.48	45.172	676.75	0.62716	0.45172	
533.84	44.419	677.75	0.631566	0.44419	
534.2	44.494	678.75	0.635846	0.44494	
534.55	46.319	679.75	0.640202	0.46319	
534.91	46.973	680.75	0.644341	0.46973	
535.27	46.776	681.75	0.648406	0.46776	
535.63	46.731	682.75	0.652576	0.46731	
535.99	47.329	683.75	0.65656	0.47329	
536.35	49.208	684.75	0.660539	0.49208	
536.71	49.946	685.75	0.664298	0.49946	
537.07	50.104	686.75	0.668147	0.50104	
537.42	50.052	687.75	0.671909	0.50052	
537.78	52.411	688.75	0.675448	0.52411	
538.14	52.242	689.75	0.678975	0.52242	
538.5	53.476	690.75	0.682248	0.53476	
538.86	53.443	691.75	0.685604	0.53443	
539.21	54.145	692.75	0.688859	0.54145	
539.57	55.847	693.75	0.691974	0.55847	
539.93	57.056	694.75	0.694892	0.57056	
540.29	57.619	695.75	0.697772	0.57619	
540.64	58.693	696.75	0.70054	0.58693	
541	59.902	697.75	0.702915	0.59902	
541.36	59.384	698.75	0.706808	0.59384	
541.72	61.275	699.75	0.70919	0.61275	
542.07	60.136	700.75	0.711411	0.60136	
542.43	61.327	701.75	0.713525	0.61327	
542.79	63.204	702.75	0.715522	0.63204	
543.15	65.166	703.75	0.717364	0.65166	
543.5	64.198	704.75	0.719078	0.64198	
543.86	66.57	705.75	0.720663	0.6657	
544.22	69.103	706.75	0.72212	0.69103	
544.57	66.922	707.75	0.723447	0.66922	
544.93	69.135	708.75	0.724645	0.69135	
545.29	70.537	709.75	0.725714	0.70537	
545.64	70.668	710.75	0.72664	0.70668	
546	71.648	711.75	0.727425	0.71648	
546.35	73.664	712.75	0.728108	0.73664	
546.71	72.133	713.75	0.728662	0.72133	
547.07	74.081	714.75	0.729091	0.74081	
547.42	76.163	715.75	0.729597	0.76163	
547.78	75.928	716.75	0.729769	0.75928	
548.13	78.503	717.75	0.729816	0.78503	
548.49	78.861	718.75	0.729778	0.78861	
548.85	79.509	719.75	0.729581	0.79509	
549.2	80.361	720.75	0.729246	0.80361	
549.56	82.231	721.75	0.728779	0.82231	
549.91	81.268	722.75	0.728215	0.81268	
550.27	83.286	723.75	0.727743	0.83286	
550.62	84.306	724.75	0.726938	0.84306	
550.98	83.551	725.75	0.726044	0.83551	
551.33	87.285	726.75	0.725006	0.87285	
551.69	87.103	727.75	0.723841	0.87103	
552.04	85.9	728.75	0.722799	0.859	
552.4	87.115	729.75	0.721426	0.87115	
552.75	88.497	730.75	0.719964	0.88497	
553.11	89.087	731.75	0.718375	0.89087	
553.46	87.766	732.75	0.716672	0.87766	
553.81	91.738	733.75	0.715099	0.91738	
554.17	92.271	734.75	0.713214	0.92271	
554.52	92.201	735.75	0.711217	0.92201	
554.88	92.857	736.75	0.709118	0.92857	
555.23	95.853	737.75	0.707154	0.95853	
555.58	95.522	738.75	0.704878	0.95522	
555.94	96.805	739.75	0.702506	0.96805	
556.29	94.981	740.75	0.700271	0.94981	
556.65	97.204	741.75	0.697729	0.97204	
557	96.367	742.75	0.695101	0.96367	
557.35	97.078	743.75	0.692616	0.97078	
557.71	99.083	744.75	0.689828	0.99083	
558.06	100.373	745.75	0.686966	1.00373	
558.41	101.465	746.75	0.684036	1.01465	
558.76	100.454	747.75	0.681247	1.00454	
559.12	103.211	748.75	0.678173	1.03211	
559.47	102.252	749.75	0.675264	1.02252	
559.82	103.276	750.75	0.672056	1.03276	
560.18	104.301	751.75	0.668796	1.04301	
560.53	103.358	752.75	0.665711	1.03358	
560.88	103.581	753.75	0.662335	1.03581	
561.23	105.249	754.75	0.658925	1.05249	
561.58	105.226	755.75	0.655676	1.05226	
561.94	108.618	756.75	0.652158	1.08618	
562.29	107.89	757.75	0.648616	1.0789	
562.64	106.217	758.75	0.64523	1.06217	
562.99	106.066	759.75	0.641604	1.06066	
563.34	107.739	760.75	0.638158	1.07739	
563.7	108.261	761.75	0.632726	1.08261	
564.05	111.734	762.75	0.629043	1.11734	
564.4	108.34	763.75	0.625503	1.0834	
564.75	110.386	764.75	0.621744	1.10386	
565.1	110.602	765.75	0.618202	1.10602	
565.45	111.98	766.75	0.614412	1.1198	
565.8	111.686	767.75	0.610631	1.11686	
566.15	113.191	768.75	0.607045	1.13191	
566.5	113.211	769.75	0.603259	1.13211	
566.85	114.226	770.75	0.599676	1.14226	
567.2	112.685	771.75	0.595893	1.12685	
567.56	113.84	772.75	0.59234	1.1384	
567.91	114.042	773.75	0.588577	1.14042	
568.26	114.917	774.75	0.584832	1.14917	
568.61	114.239	775.75	0.581325	1.14239	
568.96	116.3	776.75	0.577625	1.163	
569.31	111.704	777.75	0.574166	1.11704	
569.66	115.188	778.75	0.570523	1.15188	
570	116.336	779.75	0.567108	1.16336	
570.35	117.854	780.75	0.563546	1.17854	
570.7	116.446	781.75	0.559998	1.16446	
571.05	116.331	782.75	0.556731	1.16331	
571.4	117.818	783.75	0.553267	1.17818	
571.75	117.114	784.75	0.550109	1.17114	
572.1	117.391	785.75	0.546758	1.17391	
572.45	118.092	786.75	0.543613	1.18092	
572.8	116.603	787.75	0.540434	1.16603	
573.15	118.75	788.75	0.537395	1.1875	
573.5	118.086	789.75	0.53435	1.18086	
573.84	117.051	790.75	0.531287	1.17051	
574.19	116.952	791.75	0.528562	1.16952	
574.54	119.374	792.75	0.525636	1.19374	
574.89	120.074	793.75	0.523026	1.20074	
575.24	117.164	794.75	0.520248	1.17164	
575.58	118.985	795.75	0.517608	1.18985	
575.93	120.044	796.75	0.515164	1.20044	
576.28	118.495	797.75	0.512663	1.18495	
576.63	118.532	798.75	0.510406	1.18532	
576.97	117.539	799.75	0.508054	1.17539	
577.32	117.857	800.75	0.505982	1.17857	
577.67	118.578	801.75	0.503815	1.18578	
578.02	119.535	802.75	0.501889	1.19535	
578.36	117.225	803.75	0.49993	1.17225	
578.71	115.709	804.75	0.498009	1.15709	
579.06	117.232	805.75	0.496421	1.17232	
579.4	117.208	806.75	0.494693	1.17208	
579.75	116.111	807.75	0.493317	1.16111	
580.1	119.904	808.75	0.491774	1.19904	
580.44	117.847	809.75	0.490557	1.17847	
580.79	116.32	810.75	0.489223	1.1632	
581.13	116.243	811.75	0.487977	1.16243	
581.48	115.559	812.75	0.487067	1.15559	
581.83	117.26	813.75	0.486018	1.1726	
582.17	115.537	814.75	0.485335	1.15537	
582.52	118.75	815.75	0.484483	1.1875	
582.86	119.228	816.75	0.48396	1.19228	
583.21	115.364	817.75	0.483318	1.15364	
583.55	116.678	818.75	0.482941	1.16678	
583.9	114.351	819.75	0.482545	1.14351	
584.24	115.415	820.75	0.482197	1.15415	
584.59	115.167	821.75	0.482172	1.15167	
584.93	113.429	822.75	0.482032	1.13429	
585.28	114.641	823.75	0.482197	1.14641	
585.62	114.612	824.75	0.48224	1.14612	
585.97	115.917	825.75	0.482602	1.15917	
586.31	114.824	826.75	0.482815	1.14824	
586.65	112.254	827.75	0.483328	1.12254	
587	116.252	828.75	0.483759	1.16252	
587.34	113.61	829.75	0.484342	1.1361	
587.69	113.021	830.75	0.485063	1.13021	
588.03	112.605	831.75	0.485728	1.12605	
588.37	109.568	832.75	0.486707	1.09568	
588.72	111.111	833.75	0.487546	1.11111	
589.06	109.848	834.75	0.488694	1.09848	
589.4	112.807	835.75	0.489708	1.12807	
589.75	110.597	836.75	0.49099	1.10597	
590.09	108.28	837.75	0.492159	1.0828	
590.43	111.14	838.75	0.493618	1.1114	
590.77	107.269	839.75	0.494917	1.07269	
591.12	107.829	840.75	0.496504	1.07829	
591.46	107.244	841.75	0.497956	1.07244	
591.8	107.917	842.75	0.49967	1.07917	
592.14	108.01	843.75	0.50126	1.0801	
592.49	106.611	844.75	0.503099	1.06611	
592.83	106.448	845.75	0.504811	1.06448	
593.17	107.623	846.75	0.506778	1.07623	
593.51	104.911	847.75	0.508569	1.04911	
593.85	104.689	848.75	0.512102	1.04689	
594.19	101.948	849.75	0.51408	1.01948	
594.54	104.793	850.75	0.516297	1.04793	
594.88	102.725	851.75	0.518556	1.02725	
595.22	102.403	852.75	0.520644	1.02403	
595.56	103.419	853.75	0.522978	1.03419	
595.9	101.616	854.75	0.525145	1.01616	
596.24	101.748	855.75	0.527569	1.01748	
596.58	101.691	856.75	0.530007	1.01691	
596.92	101.365	857.75	0.532299	1.01365	
597.26	99.935	858.75	0.53482	0.99935	
597.6	100.391	859.75	0.537139	1.00391	
597.94	98.716	860.75	0.539729	0.98716	
598.28	96.853	861.75	0.54233	0.96853	
598.62	97.921	862.75	0.544715	0.97921	
598.96	98.017	863.75	0.547381	0.98017	
599.3	96.071	864.75	0.550044	0.96071	
599.64	94.505	865.75	0.552522	0.94505	
599.98	95.966	866.75	0.555203	0.95966	
600.32	93.016	867.75	0.55791	0.93016	
600.65	93.22	868.75	0.56063	0.9322	
600.99	93.434	869.75	0.563126	0.93434	
601.33	91.792	870.75	0.565876	0.91792	
601.67	93.281	871.75	0.568617	0.93281	
602.01	89.874	872.75	0.571361	0.89874	
602.35	90.526	873.75	0.574109	0.90526	
602.69	89.332	874.75	0.576637	0.89332	
603.02	88.239	875.75	0.579384	0.88239	
603.36	88.309	876.75	0.582127	0.88309	
603.7	87.338	877.75	0.584866	0.87338	
604.04	86.715	878.75	0.587599	0.86715	
604.37	85.78	879.75	0.590324	0.8578	
604.71	85.302	880.75	0.593041	0.85302	
605.05	85.677	881.75	0.595747	0.85677	
605.38	83.004	882.75	0.598443	0.83004	
605.72	81.197	883.75	0.600908	0.81197	
606.06	82.759	884.75	0.603569	0.82759	
606.39	81.558	885.75	0.60622	0.81558	
606.73	80.651	886.75	0.609088	0.80651	
607.07	79.276	887.75	0.611689	0.79276	
607.4	78.034	888.75	0.614285	0.78034	
607.74	77.675			0.77675	
608.08	78.661			0.78661	
608.41	75.509			0.75509	
608.75	75.477			0.75477	
609.08	75.381			0.75381	
609.42	75.375			0.75375	
609.75	73.429			0.73429	
610.09	71.503			0.71503	
610.42	72.691			0.72691	
610.76	72.758			0.72758	
611.09	71.597			0.71597	
611.43	68.885			0.68885	
611.76	68.966			0.68966	
612.09	67.864			0.67864	
612.43	67.845			0.67845	
612.76	67.678			0.67678	
613.1	66.688			0.66688	
613.43	64.865			0.64865	
613.76	65.425			0.65425	
614.1	65.206			0.65206	
614.43	63.577			0.63577	
614.76	61.336			0.61336	
615.09	63.292			0.63292	
615.43	61.871			0.61871	
615.76	61.154			0.61154	
616.09	59.627			0.59627	
616.42	58.19			0.5819	
616.76	58.247			0.58247	
617.09	57.179			0.57179	
617.42	56.686			0.56686	
617.75	55.719			0.55719	
618.08	57.107			0.57107	
618.41	55.86			0.5586	
618.75	52.727			0.52727	
619.08	53.06			0.5306	
619.41	53.167			0.53167	
619.74	50.817			0.50817	
620.07	51.142			0.51142	
620.4	50.25			0.5025	
620.73	50.631			0.50631	
621.06	49.077			0.49077	
621.39	47.717			0.47717	
621.72	47.589			0.47589	
622.05	47.848			0.47848	
622.38	45.912			0.45912	
622.71	45.849			0.45849	
623.04	45.163			0.45163	
623.37	44.987			0.44987	
623.7	44.651			0.44651	
624.02	43.076			0.43076	
624.35	42.192			0.42192	
624.68	42.944			0.42944	
625.01	42.452			0.42452	
625.34	40.752			0.40752	
625.67	39.387			0.39387	
625.99	40.901			0.40901	
626.32	38.865			0.38865	
626.65	37.859			0.37859	
626.98	39.673			0.39673	
627.3	38.194			0.38194	
627.63	37.393			0.37393	
627.96	37.693			0.37693	
628.28	37.294			0.37294	
628.61	36.036			0.36036	
628.94	34.922			0.34922	
629.26	36.215			0.36215	
629.59	35.441			0.35441	
629.91	33.943			0.33943	
630.24	33.7			0.337	
630.57	34.096			0.34096	
630.89	33.17			0.3317	
631.22	32.344			0.32344	
631.54	32.418			0.32418	
631.87	32.925			0.32925	
632.19	32.463			0.32463	
632.52	31.127			0.31127	
632.84	30.572			0.30572	
633.16	31.331			0.31331	
633.49	30.043			0.30043	
633.81	30.851			0.30851	
634.14	30.822			0.30822	
634.46	30.057			0.30057	
634.78	29.096			0.29096	
635.11	29.057			0.29057	
635.43	30			0.3	
635.75	29.373			0.29373	
636.08	29.61			0.2961	
636.4	29.079			0.29079	
636.72	28.657			0.28657	
637.04	29.178			0.29178	
637.37	27.981			0.27981	
637.69	29.552			0.29552	
638.01	29.485			0.29485	
638.33	28.784			0.28784	
638.65	28.438			0.28438	
638.97	27.936			0.27936	
639.29	27.146			0.27146	
639.62	28.647			0.28647	
639.94	28.443			0.28443	
640.26	28.385			0.28385	
640.58	28.493			0.28493	
640.9	27.984			0.27984	
641.22	28.199			0.28199	
641.54	28.01			0.2801	
641.86	29.598			0.29598	
642.18	28.885			0.28885	
642.5	28.772			0.28772	
642.82	29.185			0.29185	
643.14	29.14			0.2914	
643.45	29.171			0.29171	
643.77	28.937			0.28937	
644.09	29.264			0.29264	
644.41	29.121			0.29121	
644.73	29.085			0.29085	
645.05	29.895			0.29895	
645.36	30.501			0.30501	
645.68	31.138			0.31138	
646	30.31			0.3031	
646.32	30.286			0.30286	
646.63	30.913			0.30913	
646.95	30.583			0.30583	
647.27	31.512			0.31512	
647.58	30.907			0.30907	
647.9	31.848			0.31848	
648.22	31.88			0.3188	
648.53	32.817			0.32817	
648.85	33.001			0.33001	
649.17	32.985			0.32985	
649.48	32.689			0.32689	
649.8	34.735			0.34735	
650.11	33.856			0.33856	
650.43	35.275			0.35275	
650.74	35.434			0.35434	
651.06	35.149			0.35149	
651.37	35.883			0.35883	
651.68	35.382			0.35382	
652	38.386			0.38386	
652.31	36.204			0.36204	
652.63	37.5			0.375	
652.94	39.308			0.39308	
653.25	34.534			0.34534	
653.57	37.691			0.37691	
653.88	37.615			0.37615	
654.19	39.817			0.39817	
654.51	40.603			0.40603	
654.82	41.363			0.41363	
655.13	40.695			0.40695	
655.44	39.34			0.3934	
655.75	41.711			0.41711	
656.07	41.979			0.41979	
656.38	41.16			0.4116	
656.69	44.669			0.44669	
657	44.638			0.44638	
657.31	42.508			0.42508	
657.62	41.121			0.41121	
657.93	43.175			0.43175	
658.24	42.718			0.42718	
658.55	45.574			0.45574	
658.86	45.763			0.45763	
659.17	45.139			0.45139	
659.48	45.517			0.45517	
659.79	48.54			0.4854	
660.1	48.485			0.48485	
660.41	45.725			0.45725	
660.72	47.266			0.47266	
661.03	49.194			0.49194	
661.34	49.576			0.49576	
661.65	46.4			0.464	
661.95	48.319			0.48319	
662.26	48.305			0.48305	
662.57	52.679			0.52679	
662.88	51.389			0.51389	
663.19	50.901			0.50901	
663.49	50.242			0.50242	
663.8	57.488			0.57488	
664.11	54.04			0.5404	
664.41	54.545			0.54545	
664.72	51.531			0.51531	
665.03	54.737			0.54737	
665.33	55.208			0.55208	
665.64	54.011			0.54011	
665.94	59.429			0.59429	
666.25	53.005			0.53005	
666.56	56.667			0.56667	
666.86	61.714			0.61714	
667.17	56.395			0.56395	
667.47	58.824			0.58824	
667.77	61.585			0.61585	
668.08	56.97			0.5697	
668.38	61.006			0.61006	
668.69	56.875			0.56875	
668.99	60.51			0.6051	
669.29	60.51			0.6051	
669.6	58.784			0.58784	
669.9	57.241			0.57241	
670.2	64.626			0.64626	
670.51	62.069			0.62069	
670.81	64.029			0.64029	
671.11	68.841			0.68841	
671.41	65.693			0.65693	
671.72	67.939			0.67939	
672.02	68.992			0.68992	
672.32	63.043			0.63043	
672.62	62.016			0.62016	
672.92	63.636			0.63636	
673.22	69.355			0.69355	
673.52	62.602			0.62602	
673.82	66.667			0.66667	
674.13	64			0.64	
674.43	69.565			0.69565	
674.73	70.833			0.70833	
675.03	70.69			0.7069	
675.32	67.769			0.67769	
675.62	75.214			0.75214	
675.92	66.667			0.66667	
676.22	71.296			0.71296	
676.52	74.286			0.74286	
676.82	77.982			0.77982	
677.12	74.074			0.74074	
677.42	73.333			0.73333	
677.71	78.125			0.78125	
678.01	77.885			0.77885	
678.31	72.816			0.72816	
678.61	82.653			0.82653	
678.9	83.673			0.83673	
679.2	80			0.8	
679.5	73.267			0.73267	
679.79	75.258			0.75258	
680.09	80.46			0.8046	
680.39	85.185			0.85185	
680.68	75.949			0.75949	
680.98	76.344			0.76344	
681.27	78.889			0.78889	
681.57	89.744			0.89744	
681.86	81.013			0.81013	
682.16	76.25			0.7625	
682.45	71.605			0.71605	
682.75	81.928			0.81928	
683.04	79.487			0.79487	
683.34	80.263			0.80263	
683.63	78.873			0.78873	
683.92	86.567			0.86567	
684.22	75			0.75	
684.51	86.957			0.86957	
684.8	87.324			0.87324	
685.1	78.873			0.78873	
685.39	84.127			0.84127	
685.68	79.104			0.79104	
685.97	85.246			0.85246	
686.26	73.77			0.7377	
686.56	94.444			0.94444	
686.85	95.161			0.95161	
687.14	82.456			0.82456	
687.43	98.148			0.98148	
687.72	90.741			0.90741	
688.01	82.692			0.82692	
688.3	94			0.94	
688.59	70.37			0.7037	
688.88	89.362			0.89362	
689.17	95.556			0.95556	
689.46	100			1	
689.75	77.193			0.77193	
690.04	83.333			0.83333	
690.33	82.692			0.82692	
690.62	83.721			0.83721	
690.91	91.667			0.91667	
691.19	88.889			0.88889	
691.48	93.333			0.93333	
691.77	77.5			0.775	
692.06	87.805			0.87805	
692.34	81.633			0.81633	
692.63	85.366			0.85366	
692.92	100			1	
693.2	89.744			0.89744	
693.49	77.143			0.77143	
693.78	77.143			0.77143	
694.06	123.333			1.23333	
694.35	109.375			1.09375	
694.63	70.27			0.7027	
694.92	86.207			0.86207	
695.21	71.795			0.71795	
695.49	93.75			0.9375	
695.77	75			0.75	
696.06	70.968			0.70968	
696.34	71.875			0.71875	
696.63	84.615			0.84615	
696.91	81.25			0.8125	
697.19	78.788			0.78788	
697.48	80			0.8	
697.76	91.667			0.91667	
698.04	84			0.84	
698.33	117.391			1.17391	
698.61	115			1.15	
698.89	73.333			0.73333	
699.17	74.074			0.74074	
699.45	69.231			0.69231	
699.74	104.348			1.04348	
700.02	72.414			0.72414	
700.3	95.238			0.95238	
700.58	123.81			1.2381	
700.86	126.316			1.26316	
701.14	77.419			0.77419	
701.42	100			1	
701.7	77.778			0.77778	
701.98	71.429			0.71429	
702.26	116.667			1.16667	
702.54	87.5			0.875	
702.82	81.818			0.81818	
703.1	88.462			0.88462	
703.38	60			0.6	
703.65	46.667			0.46667	
