Wavelength (nm) - Measure	Measured Reflectance (%)  - Measure	Wavelength (nm) - Fit	Theorical Reflectance (0..1) - Fit
466.75	142.857	311.75	1
467.12	147.879	312.75	0.996883
467.48	155.063	313.75	0.993768
467.85	143.114	314.75	0.990824
468.22	149.693	315.75	0.988094
468.59	144.633	316.75	0.985503
468.96	144.318	317.75	0.982806
469.33	153.333	318.75	0.981661
469.69	148.889	319.75	0.979438
470.06	150.877	320.75	0.977376
470.43	145.946	321.75	0.975282
470.8	152.247	322.75	0.973405
471.17	158.286	323.75	0.971671
471.54	139.512	324.75	0.970099
471.9	145.833	325.75	0.968538
472.27	150	326.75	0.967151
472.64	146.939	327.75	0.965767
473.01	158.101	328.75	0.965194
473.38	148.485	329.75	0.964477
473.74	146.465	330.75	0.96341
474.11	141.148	331.75	0.962525
474.48	152.736	332.75	0.961632
474.85	146.154	333.75	0.960716
475.22	148.095	334.75	0.960005
475.58	144.811	335.75	0.959278
475.95	148.585	336.75	0.958729
476.32	145.833	337.75	0.958241
476.69	150.226	338.75	0.957792
477.05	150.233	339.75	0.95844
477.42	146.018	340.75	0.957927
477.79	142.544	341.75	0.95765
478.16	144.681	342.75	0.957395
478.52	146.186	343.75	0.957233
478.89	153.275	344.75	0.957046
479.26	147.679	345.75	0.956982
479.63	154.545	346.75	0.95684
479.99	153.361	347.75	0.956799
480.36	146.185	348.75	0.956885
480.73	143.75	349.75	0.956894
481.1	145.174	350.75	0.958039
481.46	149.802	351.75	0.958018
481.83	142.066	352.75	0.958052
482.2	144.569	353.75	0.958156
482.57	145.926	354.75	0.958321
482.93	141.516	355.75	0.958676
483.3	145.357	356.75	0.958782
483.67	144.876	357.75	0.959067
484.03	140.878	358.75	0.959329
484.4	146.102	359.75	0.959562
484.77	144.667	360.75	0.959771
485.14	147.176	361.75	0.959928
485.5	144.771	362.75	0.960329
485.87	156.419	363.75	0.961589
486.24	140.491	364.75	0.961816
486.6	150.316	365.75	0.962133
486.97	143.807	366.75	0.962354
487.34	142.216	367.75	0.962575
487.7	146.567	368.75	0.962951
488.07	144.126	369.75	0.963235
488.44	145.533	370.75	0.963526
488.8	144.928	371.75	0.96399
489.17	146.154	372.75	0.964252
489.54	144.598	373.75	0.964507
489.9	141.803	374.75	0.964836
490.27	143.207	375.75	0.965205
490.63	141.304	376.75	0.966282
491	141.892	377.75	0.966576
491.37	141.053	378.75	0.96683
491.73	141.71	379.75	0.967058
492.1	140.779	380.75	0.967252
492.47	145.052	381.75	0.967648
492.83	146.174	382.75	0.96775
493.2	142.377	383.75	0.968097
493.56	138.903	384.75	0.968405
493.93	143.367	385.75	0.968424
494.3	147.074	386.75	0.968645
494.66	142.132	387.75	0.968852
495.03	144.935	388.75	0.969074
495.39	149.361	389.75	0.969399
495.76	142.432	390.75	0.969489
496.12	141.791	391.75	0.970302
496.49	141.22	392.75	0.970308
496.86	141.832	393.75	0.970501
497.22	139.183	394.75	0.970671
497.59	141.304	395.75	0.970684
497.95	138.863	396.75	0.970832
498.32	140.191	397.75	0.970945
498.68	134.895	398.75	0.971009
499.05	139.467	399.75	0.970992
499.41	142.118	400.75	0.970943
499.78	140.338	401.75	0.97091
500.14	141.33	402.75	0.971062
500.51	140.33	403.75	0.970939
500.87	134.023	404.75	0.971045
501.24	136.782	405.75	0.970868
501.6	133.713	406.75	0.970916
501.97	140.698	407.75	0.97093
502.33	142.29	408.75	0.971148
502.7	137.559	409.75	0.971065
503.06	137.327	410.75	0.970979
503.43	138.041	411.75	0.970865
503.79	139.726	412.75	0.970723
504.16	140.888	413.75	0.970553
504.52	136.818	414.75	0.970358
504.88	131.947	415.75	0.970133
505.25	137.585	416.75	0.970023
505.61	132.895	417.75	0.969843
505.98	138.427	418.75	0.96954
506.34	137.225	419.75	0.969424
506.71	140.402	420.75	0.969088
507.07	137.336	421.75	0.968806
507.43	137.307	422.75	0.968539
507.8	137.111	423.75	0.968334
508.16	139.474	424.75	0.967886
508.53	139.177	425.75	0.967661
508.89	132.196	426.75	0.967363
509.25	135.294	427.75	0.967118
509.62	135	428.75	0.966759
509.98	135.865	429.75	0.966394
510.34	137.996	430.75	0.966019
510.71	132.099	431.75	0.965629
511.07	136.152	432.75	0.965214
511.43	138.608	433.75	0.964739
511.8	134.483	434.75	0.964412
512.16	137.526	435.75	0.96387
512.52	135.223	436.75	0.963527
512.89	140.084	437.75	0.962969
513.25	137.551	438.75	0.96238
513.61	133.533	439.75	0.961927
513.98	129.651	440.75	0.961473
514.34	133.865	441.75	0.961067
514.7	133.852	442.75	0.960403
515.07	128.381	443.75	0.959881
515.43	135.673	444.75	0.9594
515.79	135.26	445.75	0.958822
516.15	137.622	446.75	0.958307
516.52	129.609	447.75	0.957537
516.88	133.086	448.75	0.957129
517.24	135.581	449.75	0.956575
517.6	130.755	450.75	0.955988
517.97	130.427	451.75	0.955368
518.33	130.09	452.75	0.954709
518.69	130.838	453.75	0.954017
519.05	128.242	454.75	0.953275
519.41	130.404	455.75	0.952529
519.78	133.871	456.75	0.952046
520.14	132.984	457.75	0.951262
520.5	129.674	458.75	0.950451
520.86	131.164	459.75	0.949931
521.22	132.534	460.75	0.949094
521.58	131.544	461.75	0.948504
521.95	128.453	462.75	0.947637
522.31	126.917	463.75	0.947027
522.67	127.432	464.75	0.946114
523.03	129.053	465.75	0.945438
523.39	133.824	466.75	0.944517
523.75	127.743	467.75	0.943811
524.11	130.841	468.75	0.943096
524.47	127.846	469.75	0.942358
524.84	127.121	470.75	0.941346
525.2	127.519	471.75	0.940574
525.56	121.802	472.75	0.93979
525.92	130.931	473.75	0.938989
526.28	127.089	474.75	0.938172
526.64	130.645	475.75	0.937341
527	127.528	476.75	0.936495
527.36	128.392	477.75	0.935634
527.72	130.429	478.75	0.934758
528.08	129.931	479.75	0.933868
528.44	126.613	480.75	0.932963
528.8	127.957	481.75	0.932044
529.16	124.967	482.75	0.93111
529.52	124.362	483.75	0.930162
529.88	125.032	484.75	0.92945
530.24	127.112	485.75	0.928479
530.6	126.209	486.75	0.927492
530.96	124.542	487.75	0.926472
531.32	126.264	488.75	0.925721
531.68	126.329	489.75	0.9247
532.04	125.966	490.75	0.923646
532.4	123.793	491.75	0.922855
532.76	127.133	492.75	0.921802
533.12	125.866	493.75	0.920996
533.48	124.138	494.75	0.919878
533.84	123.45	495.75	0.918808
534.2	126.854	496.75	0.917918
534.55	124.802	497.75	0.917029
534.91	126.233	498.75	0.915756
535.27	122.295	499.75	0.914869
535.63	123.794	500.75	0.913659
535.99	123.077	501.75	0.912753
536.35	122.07	502.75	0.911614
536.71	125.514	503.75	0.910632
537.07	123.069	504.75	0.909684
537.42	120.933	505.75	0.908441
537.78	124.423	506.75	0.907492
538.14	124.609	507.75	0.906527
538.5	122.393	508.75	0.905358
538.86	122.097	509.75	0.904323
539.21	123.439	510.75	0.903232
539.57	122.883	511.75	0.902215
539.93	123.046	512.75	0.901173
540.29	123.209	513.75	0.900108
540.64	122.613	514.75	0.898813
541	118.732	515.75	0.897744
541.36	122.344	516.75	0.896675
541.72	119.706	517.75	0.895628
542.07	120.273	518.75	0.894573
542.43	115.64	519.75	0.89347
542.79	119.126	520.75	0.892356
543.15	120.254	521.75	0.891229
543.5	115.67	522.75	0.890089
543.86	119.089	523.75	0.888937
544.22	120.078	524.75	0.887776
544.57	120.459	525.75	0.886605
544.93	120.192	526.75	0.885427
545.29	119.77	527.75	0.884241
545.64	119.555	528.75	0.883056
546	121.169	529.75	0.882082
546.35	118.853	530.75	0.880608
546.71	116.209	531.75	0.879427
547.07	117.531	532.75	0.878217
547.42	119.373	533.75	0.877025
547.78	117.793	534.75	0.875821
548.13	118.618	535.75	0.874578
548.49	118.629	536.75	0.873331
548.85	117.941	537.75	0.872283
549.2	115.844	538.75	0.871042
549.56	118.998	539.75	0.869949
549.91	118.259	540.75	0.868673
550.27	117.001	541.75	0.867386
550.62	117.99	542.75	0.866197
550.98	115.327	543.75	0.864927
551.33	117.4	544.75	0.86389
551.69	114.673	545.75	0.8626
552.04	115.492	546.75	0.861313
552.4	115.5	547.75	0.860015
552.75	114.378	548.75	0.858969
553.11	117.027	549.75	0.857711
553.46	112.326	550.75	0.856379
553.81	115.67	551.75	0.855277
554.17	116.023	552.75	0.854059
554.52	114.113	553.75	0.852705
554.88	115.226	554.75	0.851538
555.23	115.363	555.75	0.85036
555.58	112.873	556.75	0.848995
555.94	116.541	557.75	0.847763
556.29	113.011	558.75	0.84659
556.65	116.03	559.75	0.84521
557	109.173	560.75	0.843955
557.35	112.694	561.75	0.842812
557.71	113.028	562.75	0.841487
558.06	115.033	563.75	0.840357
558.41	113.095	564.75	0.839016
558.76	112.16	565.75	0.837567
559.12	112.844	566.75	0.836184
559.47	110.18	567.75	0.834809
559.82	112.375	568.75	0.833687
560.18	111.111	569.75	0.832306
560.53	113.612	570.75	0.831176
560.88	110.743	571.75	0.829793
561.23	111.655	572.75	0.82865
561.58	113.375	573.75	0.827271
561.94	110.862	574.75	0.826113
562.29	111.791	575.75	0.824748
562.64	108.144	576.75	0.823595
562.99	108.579	577.75	0.822417
563.34	109.478	578.75	0.821056
563.7	111.391	579.75	0.819855
564.05	110.245	580.75	0.818505
564.4	110.146	581.75	0.817282
564.75	110.043	582.75	0.816153
565.1	109.33	583.75	0.81479
565.45	111.47	584.75	0.813544
565.8	109.182	585.75	0.81223
566.15	110.213	586.75	0.811052
566.5	109.448	587.75	0.80979
566.85	110.711	588.75	0.808489
567.2	107.084	589.75	0.807306
567.56	107.764	590.75	0.806021
567.91	107.386	591.75	0.804887
568.26	107.917	592.75	0.803558
568.61	106.877	593.75	0.802212
568.96	108.965	594.75	0.801074
569.31	106.449	595.75	0.799798
569.66	107.914	596.75	0.798608
570	108.406	597.75	0.797252
570.35	107.606	598.75	0.796106
570.7	107.405	599.75	0.794964
571.05	104.721	600.75	0.793668
571.4	107.692	601.75	0.792475
571.75	107.521	602.75	0.791101
572.1	107.997	603.75	0.789949
572.45	104.542	604.75	0.788803
572.8	105.407	605.75	0.787623
573.15	106.479	606.75	0.786344
573.5	105.652	607.75	0.785155
573.84	105.212	608.75	0.78397
574.19	105.428	609.75	0.782601
574.54	104.993	610.75	0.781064
574.89	105.778	611.75	0.779874
575.24	104.364	612.75	0.778693
575.58	104.415	613.75	0.777532
575.93	105.121	614.75	0.776384
576.28	102.939	615.75	0.775202
576.63	104.277	616.75	0.774022
576.97	102.334	617.75	0.772841
577.32	106	618.75	0.771661
577.67	102.252	619.75	0.770482
578.02	103.456	620.75	0.769303
578.36	102.65	621.75	0.768125
578.71	102.076	622.75	0.766931
579.06	103.668	623.75	0.765725
579.4	103.041	624.75	0.76455
579.75	101.7	625.75	0.763374
580.1	101.71	626.75	0.762204
580.44	101.703	627.75	0.761271
580.79	100.672	628.75	0.760097
581.13	101.805	629.75	0.758926
581.48	100.798	630.75	0.7578
581.83	101.41	631.75	0.756636
582.17	99.078	632.75	0.755456
582.52	102.554	633.75	0.754264
582.86	102.844	634.75	0.753101
583.21	100.199	635.75	0.752184
583.55	101.252	636.75	0.751019
583.9	100.261	637.75	0.749887
584.24	100.593	638.75	0.748722
584.59	99.015	639.75	0.747544
584.93	98.696	640.75	0.746639
585.28	99.346	641.75	0.74548
585.62	100.652	642.75	0.744345
585.97	101.044	643.75	0.743188
586.31	98.765	644.75	0.742021
586.65	97.27	645.75	0.741126
587	100.131	646.75	0.739988
587.34	98.704	647.75	0.738838
587.69	99.284	648.75	0.737682
588.03	98.585	649.75	0.736794
588.37	96.498	650.75	0.735655
588.72	96.807	651.75	0.73451
589.06	96.379	652.75	0.733627
589.4	97.865	653.75	0.73249
589.75	97.688	654.75	0.731352
590.09	96.624	655.75	0.730475
590.43	97.503	656.75	0.729339
590.77	94.437	657.75	0.728207
591.12	97.072	658.75	0.727083
591.46	98.141	659.75	0.726205
591.8	96.171	660.75	0.725079
592.14	96.124	661.75	0.724221
592.49	95.186	662.75	0.72309
592.83	94.185	663.75	0.721968
593.17	96.156	664.75	0.721119
593.51	94.388	665.75	0.719996
593.85	95.954	666.75	0.718893
594.19	94.217	667.75	0.718036
594.54	95.531	668.75	0.716918
594.88	92.966	669.75	0.715823
595.22	95.519	670.75	0.714958
595.56	94.903	671.75	0.713854
595.9	93.859	672.75	0.713023
596.24	95.016	673.75	0.711636
596.58	95.644	674.75	0.710559
596.92	94.798	675.75	0.709705
597.26	94.987	676.75	0.708615
597.6	94.531	677.75	0.707798
597.94	94.223	678.75	0.706705
598.28	92.614	679.75	0.705632
598.62	92.333	680.75	0.704798
598.96	96.167	681.75	0.703728
599.3	93.32	682.75	0.702899
599.64	92.696	683.75	0.701827
599.98	92.453	684.75	0.701018
600.32	92.493	685.75	0.699948
600.65	91.33	686.75	0.698882
600.99	92.974	687.75	0.698078
601.33	90.749	688.75	0.697019
601.67	91.897	689.75	0.696219
602.01	92.455	690.75	0.695165
602.35	90	691.75	0.694348
602.69	92.736	692.75	0.693314
603.02	89.75	693.75	0.692253
603.36	90.291	694.75	0.691481
603.7	89.74	695.75	0.69042
604.04	90.152	696.75	0.689673
604.37	90.873	697.75	0.688632
604.71	90.682	698.75	0.687779
605.05	90.867	699.75	0.686817
605.38	88.538	700.75	0.685955
605.72	89.809	701.75	0.685013
606.06	90.782	702.75	0.683973
606.39	89.148	703.75	0.683263
606.73	88.469	704.75	0.682226
607.07	87.237	705.75	0.68149
607.4	88.193	706.75	0.68046
607.74	89.366	707.75	0.679505
608.08	87.409	708.75	0.678697
608.41	87.59	709.75	0.677722
608.75	87.508	710.75	0.676949
609.08	87.69	711.75	0.675956
609.42	86.971	712.75	0.675203
609.75	87.107	713.75	0.674228
610.09	87.451	714.75	0.673442
610.42	87.508	715.75	0.672506
610.76	88.822	716.75	0.671505
611.09	87.304	717.75	0.670802
611.43	86.497	718.75	0.669813
611.76	85.817	719.75	0.669142
612.09	86.871	720.75	0.66815
612.43	86.771	721.75	0.667442
612.76	87.533	722.75	0.666472
613.1	85.658	723.75	0.665491
613.43	85.199	724.75	0.664807
613.76	85.817	725.75	0.663832
614.1	86.723	726.75	0.66319
614.43	86.654	727.75	0.662217
614.76	83.044	728.75	0.661533
615.09	85.434	729.75	0.660582
615.43	85.484	730.75	0.65984
615.76	85.084	731.75	0.658954
616.09	85.448	732.75	0.65801
616.42	84.257	733.75	0.65735
616.76	84.805	734.75	0.656429
617.09	82.846	735.75	0.655771
617.42	83.493	736.75	0.654847
617.75	84.345	737.75	0.654205
618.08	82.805	738.75	0.653265
618.41	83.758	739.75	0.652587
618.75	82.445	740.75	0.651699
619.08	83.975	741.75	0.650891
619.41	83.941	742.75	0.650148
619.74	82.286	743.75	0.649232
620.07	83.693	744.75	0.648603
620.4	82.772	745.75	0.647701
620.73	81.589	746.75	0.647082
621.06	82.177	747.75	0.646203
621.39	82.552	748.75	0.645559
621.72	83.406	749.75	0.644687
622.05	83.281	750.75	0.644083
622.38	80.254	751.75	0.643196
622.71	83.457	752.75	0.642579
623.04	81.084	753.75	0.641716
623.37	83.083	754.75	0.641093
623.7	82.993	755.75	0.640245
624.02	81.127	756.75	0.639627
624.35	80.282	757.75	0.638784
624.68	80.513	758.75	0.638184
625.01	80.53	759.75	0.637326
625.34	77.745	760.75	0.636638
625.67	78.894	761.75	0.635785
625.99	81.68	762.75	0.635211
626.32	79.179	763.75	0.634636
626.65	79.486	764.75	0.633805
626.98	79.77	765.75	0.633222
627.3	79.927	766.75	0.632395
627.63	79.72	767.75	0.631834
627.96	81.678	768.75	0.63125
628.28	80.439	769.75	0.630454
628.61	77.219	770.75	0.629898
628.94	79.011	771.75	0.629071
629.26	79.807	772.75	0.628536
629.59	79.21	773.75	0.627989
629.91	79.951	774.75	0.627162
630.24	79.694	775.75	0.626645
630.57	79.096	776.75	0.626105
630.89	79.804	777.75	0.625332
631.22	78.619	778.75	0.624782
631.54	79.121	779.75	0.624251
631.87	79.399	780.75	0.623725
632.19	79.726	781.75	0.62293
632.52	78.37	782.75	0.622425
632.84	76.918	783.75	0.621907
633.16	78.762	784.75	0.621391
633.49	77.157	785.75	0.62088
633.81	78.786	786.75	0.620116
634.14	79.284	787.75	0.619611
634.46	78.567	788.75	0.619107
634.78	77.672	789.75	0.618607
635.11	76.652	790.75	0.61811
635.43	79.74	791.75	0.617615
635.75	79.308	792.75	0.617124
636.08	78.586	793.75	0.616636
636.4	78.026	794.75	0.616152
636.72	78.557	795.75	0.615423
637.04	78.699	796.75	0.614938
637.37	76.762	797.75	0.614462
637.69	78.711	798.75	0.614255
638.01	78.442	799.75	0.613768
638.33	77.864	800.75	0.613301
638.65	79.155		
638.97	78.702		
639.29	77.916		
639.62	81.079		
639.94	77.47		
640.26	77.385		
640.58	78.058		
640.9	78.629		
641.22	76.854		
641.54	77.232		
641.86	80.154		
642.18	78.041		
642.5	78.684		
642.82	77.619		
643.14	78.261		
643.45	78.192		
643.77	76.471		
644.09	78.101		
644.41	77.69		
644.73	78.726		
645.05	79.895		
645.36	79.521		
645.68	80.022		
646	78.429		
646.32	78.857		
646.63	77.049		
646.95	79.369		
647.27	80.178		
647.58	76.756		
647.9	77.588		
648.22	76.975		
648.53	78.169		
648.85	76.529		
649.17	78.657		
649.48	76.523		
649.8	77.259		
650.11	75.078		
650.43	79.368		
650.74	77.513		
651.06	77.153		
651.37	77.778		
651.68	79.143		
652	80.512		
652.31	77.886		
652.63	75.595		
652.94	74.949		
653.25	76.907		
653.57	74.51		
653.88	77.752		
654.19	75.973		
654.51	75.87		
654.82	75.426		
655.13	71.712		
655.44	73.858		
655.75	75.401		
656.07	73.262		
656.38	73.481		
656.69	78.674		
657	73.043		
657.31	75.229		
657.62	73.52		
657.93	71.746		
658.24	74.757		
658.55	72.131		
658.86	75.254		
659.17	72.917		
659.48	70.69		
659.79	75.912		
660.1	71.212		
660.41	69.888		
660.72	72.656		
661.03	72.177		
661.34	72.458		
661.65	68.8		
661.95	67.647		
662.26	69.915		
662.57	75.893		
662.88	72.222		
663.19	66.667		
663.49	74.396		
663.8	75.362		
664.11	70.202		
664.41	71.717		
664.72	68.878		
665.03	71.579		
665.33	71.354		
665.64	73.262		
665.94	69.714		
666.25	69.945		
666.56	71.667		
666.86	70.857		
667.17	66.86		
667.47	68.824		
667.77	67.683		
668.08	66.061		
668.38	72.327		
668.69	67.5		
668.99	68.79		
669.29	62.42		
669.6	65.541		
669.9	66.207		
670.2	63.946		
670.51	64.828		
670.81	62.59		
671.11	68.841		
671.41	70.073		
671.72	67.939		
672.02	72.093		
672.32	64.493		
672.62	67.442		
672.92	65.152		
673.22	66.935		
673.52	58.537		
673.82	68.293		
674.13	60		
674.43	68.696		
674.73	69.167		
675.03	58.621		
675.32	63.636		
675.62	67.521		
675.92	62.393		
676.22	64.815		
676.52	64.762		
676.82	67.89		
677.12	58.333		
677.42	64.762		
677.71	64.583		
678.01	67.308		
678.31	54.369		
678.61	69.388		
678.9	58.163		
679.2	68.889		
679.5	65.347		
679.79	56.701		
680.09	56.322		
680.39	58.025		
680.68	55.696		
680.98	56.989		
681.27	62.222		
681.57	62.821		
681.86	62.025		
682.16	61.25		
682.45	55.556		
682.75	57.831		
683.04	64.103		
683.34	50		
683.63	64.789		
683.92	64.179		
684.22	55.263		
684.51	55.072		
684.8	57.746		
685.1	56.338		
685.39	61.905		
685.68	55.224		
685.97	65.574		
686.26	67.213		
686.56	75.926		
686.85	70.968		
687.14	64.912		
687.43	59.259		
687.72	51.852		
688.01	48.077		
688.3	56		
688.59	72.222		
688.88	57.447		
689.17	60		
689.46	68.182		
689.75	50.877		
690.04	47.917		
690.33	50		
690.62	58.14		
690.91	56.25		
691.19	60		
691.48	46.667		
691.77	55		
692.06	68.293		
692.34	30.612		
692.63	53.659		
692.92	69.444		
693.2	48.718		
693.49	48.571		
693.78	45.714		
694.06	63.333		
694.35	43.75		
694.63	62.162		
694.92	62.069		
695.21	46.154		
695.49	46.875		
695.77	52.778		
696.06	61.29		
696.34	59.375		
696.63	53.846		
696.91	53.125		
697.19	42.424		
697.48	46.667		
